=====================cnn-serving with LOW_LOAD=====================
0.9974682331085205
0.9802165031433105
1.1268242597579956
1.1582406163215637
1.1833737015724182
all times note for LOW_LOAD
[0.8351390361785889, 0.9660427570343018, 0.9355888366699219, 0.9943902492523193, 1.0639915466308594, 1.1896569728851318]
=====================cnn-serving with MED_LOAD=====================
3.4565152327219644
3.555820107460022
4.315234398841858
4.376126289367676
4.400239562988281
all times note for LOW_LOAD
[1.7672522068023682, 2.103881597518921, 3.029489278793335, 3.9629955291748047, 3.6001765727996826, 3.5114636421203613, 4.3514649868011475, 4.406267881393433, 3.989159107208252, 3.8833394050598145, 3.444655418395996, 3.428037166595459]
=====================cnn-serving with HIGH_LOAD=====================
9.84412259374346
11.200480222702026
13.05778079032898
13.59045088291168
13.946457333564759
all times note for LOW_LOAD
[5.0818541049957275, 5.30257773399353, 5.154688835144043, 5.100643873214722, 5.96507453918457, 5.848102331161499, 6.123147010803223, 6.861990690231323, 6.858598947525024, 7.3855485916137695, 7.679274082183838, 7.1358723640441895, 7.854215383529663, 8.462781190872192, 8.296686172485352, 8.399389505386353, 11.111436367034912, 11.200480222702026, 11.625907897949219, 11.738308191299438, 12.021573305130005, 11.94685411453247, 11.924179792404175, 11.907839059829712, 12.616650819778442, 12.32480764389038, 12.808720588684082, 12.753600358963013, 12.700066566467285, 12.913617610931396, 13.069016218185425, 13.040927648544312, 13.444976806640625, 13.929890394210815, 13.954991817474365]
